epoch,categorical_accuracy,loss,val_categorical_accuracy,val_loss
0,0.46471667289733887,4.419041156768799,0.6716980934143066,2.0552005767822266
1,0.8971668481826782,0.5065447092056274,0.7433962225914001,1.8234134912490845
2,0.9648478627204895,0.1786666363477707,0.7735849022865295,1.4950640201568604
3,0.9828174114227295,0.09137457609176636,0.7584905624389648,1.620688557624817
4,0.9925236105918884,0.049790285527706146,0.7811321020126343,1.58479905128479
5,0.9969832301139832,0.019457006826996803,0.7773584723472595,1.5618165731430054
6,0.9972455501556396,0.020142294466495514,0.7622641324996948,1.5418115854263306
7,0.9977701902389526,0.020402858033776283,0.7811321020126343,1.5823144912719727
8,0.9984260201454163,0.015967408195137978,0.7849056720733643,1.4821219444274902
9,0.9992130398750305,0.008053109981119633,0.7773584723472595,1.4611996412277222
10,0.9989506602287292,0.011189201846718788,0.7735849022865295,1.494742751121521
11,0.9990818500518799,0.009339247830212116,0.7886792421340942,1.4999545812606812
12,0.9989506602287292,0.009766858071088791,0.7773584723472595,1.4532616138458252
13,0.999475359916687,0.0037760536652058363,0.796226441860199,1.4261244535446167
14,0.999475359916687,0.009258804842829704,0.7924528121948242,1.409121036529541
15,0.9996064901351929,0.005547747481614351,0.7811321020126343,1.4503661394119263
16,0.9996064901351929,0.00635145790874958,0.7924528121948242,1.405052661895752
17,0.9997376799583435,0.00640766229480505,0.796226441860199,1.3934051990509033
18,0.9996064901351929,0.005434995982795954,0.796226441860199,1.392116665840149
19,0.9996064901351929,0.007351820357143879,0.796226441860199,1.3911212682724
20,0.9997376799583435,0.0027657649479806423,0.796226441860199,1.3862593173980713
21,0.9996064901351929,0.006714948918670416,0.7886792421340942,1.4082180261611938
22,0.9996064901351929,0.005249340552836657,0.7849056720733643,1.4078075885772705
23,0.999475359916687,0.006315304897725582,0.796226441860199,1.3804394006729126
24,0.999475359916687,0.005338442046195269,0.800000011920929,1.3789196014404297
25,0.999475359916687,0.00864013098180294,0.7924528121948242,1.3743109703063965
26,0.999475359916687,0.007493088021874428,0.796226441860199,1.3602099418640137
27,0.999475359916687,0.007652283646166325,0.800000011920929,1.3603399991989136
28,0.9996064901351929,0.005603601224720478,0.800000011920929,1.359554648399353
29,0.9997376799583435,0.004772909916937351,0.7924528121948242,1.3618437051773071
30,0.9996064901351929,0.005034575704485178,0.800000011920929,1.3454267978668213
31,0.9997376799583435,0.0031529604457318783,0.7924528121948242,1.3591843843460083
32,0.9996064901351929,0.004390452988445759,0.800000011920929,1.342664361000061
33,0.999475359916687,0.006878890562802553,0.796226441860199,1.3386101722717285
34,0.9996064901351929,0.0024849262554198503,0.7924528121948242,1.3451738357543945
35,0.9996064901351929,0.004984709434211254,0.796226441860199,1.3266133069992065
36,0.9996064901351929,0.004239528439939022,0.796226441860199,1.325671911239624
37,0.999475359916687,0.004790361039340496,0.800000011920929,1.322533130645752
38,0.9997376799583435,0.003928835038095713,0.7924528121948242,1.335666537284851
39,0.9996064901351929,0.006690965499728918,0.800000011920929,1.3149935007095337
40,0.9996064901351929,0.005067270714789629,0.796226441860199,1.315027117729187
41,0.9997376799583435,0.0033410536125302315,0.7924528121948242,1.3191298246383667
42,0.9997376799583435,0.0042968192137777805,0.796226441860199,1.3095426559448242
43,0.9997376799583435,0.0029310237150639296,0.7924528121948242,1.3112578392028809
44,0.9997376799583435,0.004176701419055462,0.800000011920929,1.3069093227386475
45,0.9997376799583435,0.0029895880725234747,0.7924528121948242,1.3025968074798584
46,0.9997376799583435,0.0041993060149252415,0.796226441860199,1.294359564781189
47,0.9997376799583435,0.0022995932959020138,0.7924528121948242,1.301612138748169
48,0.9996064901351929,0.0037569503765553236,0.7924528121948242,1.2993279695510864
49,0.9997376799583435,0.0036307356785982847,0.7924528121948242,1.2934885025024414
50,0.9997376799583435,0.0026550956536084414,0.800000011920929,1.2890045642852783
51,0.9996064901351929,0.003206085180863738,0.800000011920929,1.2838321924209595
52,0.9996064901351929,0.004402629099786282,0.7924528121948242,1.2879199981689453
53,0.9996064901351929,0.004367292392998934,0.7924528121948242,1.2850884199142456
54,0.9997376799583435,0.0011755527229979634,0.800000011920929,1.2811113595962524
55,0.9997376799583435,0.0031843979377299547,0.796226441860199,1.2792905569076538
56,0.9997376799583435,0.0026471286546438932,0.800000011920929,1.274902582168579
57,0.9996064901351929,0.00323693361133337,0.8037735819816589,1.269457221031189
58,0.9996064901351929,0.003849195083603263,0.796226441860199,1.2728092670440674
59,0.9997376799583435,0.0029701683670282364,0.8037735819816589,1.2678407430648804
60,0.9997376799583435,0.0024926946498453617,0.800000011920929,1.2645665407180786
