epoch,categorical_accuracy,loss,val_categorical_accuracy,val_loss
0,0.22075025737285614,7.704787731170654,0.2943396270275116,6.184505462646484
1,0.3823452293872833,5.831062316894531,0.40377357602119446,5.301349639892578
2,0.444779634475708,5.126283168792725,0.46415093541145325,4.979006767272949
3,0.4964585602283478,4.432868480682373,0.4075471758842468,6.066325664520264
4,0.5132476687431335,4.184881687164307,0.4415094256401062,5.505393028259277
5,0.54944908618927,3.8554792404174805,0.47924527525901794,5.222718238830566
6,0.5714848041534424,3.5402276515960693,0.4679245352745056,5.068089485168457
7,0.5927335023880005,3.3518404960632324,0.47547170519828796,5.231253623962402
8,0.6029643416404724,3.168130874633789,0.46415093541145325,5.089916706085205
9,0.6276233196258545,2.950226306915283,0.49056604504585266,5.231901168823242
10,0.6294596195220947,2.930363655090332,0.5132075548171997,5.131903648376465
11,0.6449370384216309,2.691117763519287,0.5320754647254944,4.66630744934082
12,0.6524134278297424,2.5791165828704834,0.5094339847564697,4.8547492027282715
13,0.6823189854621887,2.412731885910034,0.46415093541145325,5.058083534240723
14,0.6798268556594849,2.3697519302368164,0.5396226644515991,4.406569957733154
15,0.6827124953269958,2.344784736633301,0.501886785030365,4.546931266784668
16,0.691893994808197,2.1872997283935547,0.5169811248779297,4.929883003234863
17,0.7124868631362915,2.0241198539733887,0.5433962345123291,4.578188419342041
18,0.7065844535827637,2.1291987895965576,0.5433962345123291,4.362882614135742
19,0.7099947333335876,2.008486032485962,0.5396226644515991,4.70434045791626
20,0.7332109212875366,1.8413126468658447,0.5773584842681885,4.752031326293945
21,0.7316369414329529,1.7844864130020142,0.5283018946647644,4.906741619110107
22,0.7333420515060425,1.8037112951278687,0.5886792540550232,4.11556339263916
23,0.7273085117340088,1.829527497291565,0.5283018946647644,4.863404273986816
24,0.7476390600204468,1.7193808555603027,0.5509433746337891,4.516285419464111
25,0.7401626706123352,1.7048397064208984,0.5622641444206238,4.223675727844238
26,0.75,1.6610944271087646,0.5396226644515991,4.893399238586426
27,0.7577387094497681,1.622718334197998,0.5471698045730591,4.804932117462158
28,0.7614113092422485,1.5666918754577637,0.5735849142074585,4.293689727783203
29,0.7581322193145752,1.5482008457183838,0.5207546949386597,4.71493673324585
30,0.7675760984420776,1.5331206321716309,0.5773584842681885,4.418005466461182
31,0.773216187953949,1.4294244050979614,0.5660377144813538,4.46912145614624
32,0.7741343379020691,1.4850741624832153,0.5660377144813538,4.553365230560303
33,0.7712486982345581,1.498774766921997,0.5283018946647644,4.4067463874816895
34,0.7762329578399658,1.431528925895691,0.5735849142074585,4.415663719177246
35,0.7788562178611755,1.4342387914657593,0.5886792540550232,4.235990524291992
36,0.7847586274147034,1.3195037841796875,0.5547170042991638,4.481762886047363
37,0.7860702872276306,1.3572947978973389,0.5811320543289185,4.636274337768555
38,0.7961699962615967,1.251322865486145,0.6000000238418579,3.8026318550109863
39,0.8121721148490906,1.0797942876815796,0.6301887035369873,3.709456205368042
40,0.8116474151611328,1.0591404438018799,0.6226415038108826,3.6813580989837646
41,0.8196485042572021,1.0362412929534912,0.5886792540550232,3.8987603187561035
42,0.8281741738319397,1.0106004476547241,0.6037735939025879,3.6334428787231445
43,0.8296170234680176,0.9730507135391235,0.6226415038108826,3.958036422729492
44,0.8273872137069702,0.9852550625801086,0.5962263941764832,4.037065505981445
45,0.837224543094635,0.8718855381011963,0.5811320543289185,3.5848042964935303
46,0.8349947333335876,0.8836286664009094,0.5698113441467285,4.278052806854248
47,0.8290923237800598,0.896532416343689,0.6037735939025879,3.4717323780059814
48,0.8419464826583862,0.8406388759613037,0.5886792540550232,3.7481300830841064
49,0.8268625140190125,0.9636161923408508,0.5962263941764832,3.964409828186035
50,0.8460125923156738,0.8277702927589417,0.6150943636894226,3.783576011657715
51,0.8373557329177856,0.8422344326972961,0.6150943636894226,3.639178514480591
52,0.8416841626167297,0.8282489776611328,0.5773584842681885,3.599191904067993
53,0.8439139723777771,0.7987691164016724,0.6150943636894226,3.7200722694396973
54,0.8485047221183777,0.7595289349555969,0.5584905743598938,3.7040505409240723
55,0.8595225811004639,0.6839650273323059,0.5773584842681885,3.319181442260742
56,0.8567680716514587,0.6996116638183594,0.6037735939025879,3.725525140762329
57,0.865818440914154,0.6729180216789246,0.645283043384552,3.457075357437134
58,0.8624081611633301,0.6380898356437683,0.5962263941764832,3.534118413925171
59,0.8616212010383606,0.66656094789505,0.6603773832321167,2.870755195617676
60,0.8679171204566956,0.6129566431045532,0.6377358436584473,2.9073727130889893
61,0.8683105707168579,0.6285200715065002,0.6037735939025879,3.545534133911133
62,0.8738195300102234,0.6054444909095764,0.645283043384552,2.9586899280548096
63,0.8675236105918884,0.6023767590522766,0.6339622735977173,2.9761743545532227
64,0.8753935098648071,0.5933286547660828,0.6150943636894226,2.9745850563049316
65,0.8719832301139832,0.5872986912727356,0.6301887035369873,3.2875876426696777
66,0.8734260201454163,0.5739848613739014,0.6679245233535767,2.8825135231018066
67,0.874475359916687,0.5537678599357605,0.6037735939025879,3.5761029720306396
68,0.8767051696777344,0.5592657923698425,0.6188679337501526,3.113424301147461
69,0.8793284296989441,0.5219675302505493,0.6754717230796814,3.181962490081787
70,0.8805088996887207,0.5497695207595825,0.645283043384552,2.8029708862304688
71,0.8828698992729187,0.5358061790466309,0.6641509532928467,2.870037078857422
72,0.8807712197303772,0.5407294631004333,0.6301887035369873,3.1857540607452393
73,0.8805088996887207,0.5093480348587036,0.645283043384552,3.199777603149414
74,0.8840503692626953,0.5055828094482422,0.6113207340240479,3.2981302738189697
75,0.8864113092422485,0.47240495681762695,0.6301887035369873,2.9229092597961426
76,0.8870671391487122,0.5095196962356567,0.6377358436584473,3.293515205383301
